lastAccountName: FlameQuard
timestamps:
  login: 1621766057390
  logout: 1621766067069
ipAddress: 157.33.194.24
lastlocation:
  world: world
  x: -194.5
  y: 68.0
  z: -200.5
  yaw: 1.551317
  pitch: 0.0
logoutlocation:
  world: world
  x: -151.5
  y: 71.11044
  z: -176.5
  yaw: -110.0788
  pitch: 60.49156
geolocation: Pune, Maharashtra, India
