lastAccountName: FoX
timestamps:
  login: 1619526696344
  logout: 1619527390944
ipAddress: 212.233.200.111
lastlocation:
  world: world
  x: -174.5
  y: 64.0
  z: -209.5
  yaw: 3.4260507
  pitch: 0.0
logoutlocation:
  world: world
  x: -231.69999998807907
  y: 20.0
  z: -212.57198816329932
  yaw: -71.71628
  pitch: -90.0
