lastAccountName: DAKU_Bhau
timestamps:
  login: 1621766469628
  logout: 1621766523915
ipAddress: 27.7.249.223
lastlocation:
  world: world
  x: -142.35251641836078
  y: 67.0
  z: -212.6179871909864
  yaw: 78.750015
  pitch: 24.899994
logoutlocation:
  world: world
  x: -151.27679318671446
  y: 63.5625
  z: -174.93322237543524
  yaw: -271.94873
  pitch: 13.650095
geolocation: Indore, Madhya Pradesh, India
