lastAccountName: kasperkp192
timestamps:
  login: 1621747471390
  logout: 1621747986844
ipAddress: 157.33.194.24
lastlocation:
  world: world
  x: -257.15137
  y: 69.0
  z: -196.35089
  yaw: 90.10989
  pitch: -18.549973
logoutlocation:
  world: world
  x: -144.7303
  y: 77.0
  z: -133.03459
  yaw: 71.640594
  pitch: -46.458984
geolocation: Pune, Maharashtra, India
