lastAccountName: '   ADV Utkarsh'
timestamps:
  login: 1621611240458
  logout: 1621611551483
ipAddress: 157.33.198.24
lastlocation:
  world: world
  x: -117.74558246868698
  y: 129.0
  z: -76.3236998945045
  yaw: 93.001396
  pitch: 32.098183
logoutlocation:
  world: world_nether
  x: 15.535082415077666
  y: 31.875
  z: -39.30000001192093
  yaw: -137.20326
  pitch: 68.33924
geolocation: Pune, Maharashtra, India
