lastAccountName: Advreign
timestamps:
  login: 1621750860241
  logout: 1621752390490
ipAddress: 157.33.30.244
lastlocation:
  world: world
  x: -157.01511816490756
  y: 86.16610926093821
  z: -114.25078333178821
  yaw: -329.81143
  pitch: 29.64407
logoutlocation:
  world: world
  x: -154.11963831101423
  y: 63.0
  z: -180.05749484047226
  yaw: 331.2254
  pitch: 14.117359
geolocation: Pune, Maharashtra, India
