lastAccountName: Player
timestamps:
  login: 1620021074822
  logout: 1620021367211
ipAddress: 124.51.77.108
lastlocation:
  world: world
  x: -183.5
  y: 66.0
  z: -202.5
  yaw: 4.046809
  pitch: 0.0
logoutlocation:
  world: world
  x: -95.24312668018358
  y: 78.0
  z: -156.92446975306348
  yaw: -296.09824
  pitch: 50.850365
