lastAccountName: TreeSquid318
timestamps:
  login: 1621436452923
  logout: 1621437857921
ipAddress: 142.160.214.240
lastlocation:
  world: world
  x: 12.5
  y: 66.0
  z: -208.5
  yaw: 1.3779833
  pitch: 0.0
logoutlocation:
  world: world
  x: -172.63693196440198
  y: 50.0
  z: -150.58394977594563
  yaw: -301.27087
  pitch: 20.382221
