lastAccountName: flameface
timestamps:
  login: 1619710307218
  logout: 1619710536992
ipAddress: 152.57.57.244
lastlocation:
  world: world
  x: -173.5
  y: 63.0
  z: -212.5
  yaw: 1.290015
  pitch: 0.0
logoutlocation:
  world: world
  x: -181.29679540337048
  y: 65.0
  z: -198.50625540530683
  yaw: 135.00002
  pitch: 4.5000014
