spawns: 
  default: 
    world: world
    x: -188.12243749074304
    y: 68.0
    z: -206.4140578509261
    yaw: 235.5028
    pitch: 18.899662
